<78, 1e700, 8threads>

27777789999999999
277777788888899
list: 
3778888999               - 10
438939648
4478976
338688
27648
2688
768
336
54
20
0
37778888 8889             - 9
19421724672
338688
27648
2688
768
336
54
20
0
3888 8888 88889            - 10
231928233984
4478976
338688
27648
2688
768
336
54
20
0
27777 7777 77779           - 9
249143169618
2239488
27648
2688
768
336
54
20
0
277777899 9999 9999                - 11
937638166841712
438939648
4478976
338688
27648
2688
768
336
54
20
0
277777788888899          - 11
4996238671872
438939648
4478976
338688
27648
2688
768
336
54
20
0
7777788999               - 9
784147392
338688
27648
2688
768
336
54
20
0
37777 777788899           - 9
717233481216
338688
27648
2688
768
336
54
20
0
34888999                 - 9
4478976
338688
27648
2688
768
336
54
20
0
Max decimal-digit count of type: 702
Max steps: 11
Number: 277777788888899
4996238671872
438939648
4478976
338688
27648
2688
768
336
54
20
0
1st step of last number: 
75584358233856901876570908526336920533733402223564943746480523791055992589349415352893454152286815980796115691051984024401688553425512619389436812080181182164183844294593276826461549005383435679049653146022767192531357984820278820173757374644915169196644378207322231862342707289383945459595514465896678200223470616985931810379441366442523161097461164573208881236532334243003519494000333560625258766515628529903395497410308219853258411783457488713581491180927067440405908650555809522761221789098952168267847683831651440591336410210211209323729518383960675941482287553365664051789797838702449
Statistics - count of steps:
(2) - 115297711
(3) - 12242
(4) - 410
(5) - 150
(6) - 41
(7) - 13
(8) - 8
(9) - 5
(10) - 2
(11) - 2
(12) - 0
Time elapsed: 3499176 = 58,3 mins
 

1e160                   1e700           diff

(2) - 1455737           115297711       10074034
(3) - 12022             12242           220
(4) - 409               410             1
(5) - 150               150             0
(6) - 41                41              0
(7) - 13                13              0
(8) - 8                 8               0
(9) - 5                 5               0
(10) - 2                2               0
(11) - 2                2               0
(12) - 0                0               0

 
 
 
 
 
 
 
